[gd_scene load_steps=8 format=2]

[ext_resource path="res://scenes/player.tscn" type="PackedScene" id=1]
[ext_resource path="res://assets/models/streets/onesided/onesided.tscn" type="PackedScene" id=2]

[sub_resource type="CylinderMesh" id=1]

[sub_resource type="CylinderShape" id=2]

[sub_resource type="PrismMesh" id=3]

[sub_resource type="ProceduralSky" id=4]
radiance_size = 1
sky_top_color = Color( 0, 0, 0, 1 )
sky_horizon_color = Color( 0.435294, 0.309804, 0.180392, 1 )
sky_curve = 0.0405562
ground_bottom_color = Color( 0.258824, 0.0352941, 0, 1 )
ground_horizon_color = Color( 0.45098, 0.286275, 0.192157, 1 )
ground_curve = 0.0772748
sun_color = Color( 1, 0.462745, 0.109804, 1 )
sun_latitude = 18.88
sun_angle_min = 9.0
sun_curve = 0.131951

[sub_resource type="Environment" id=5]
background_mode = 2
background_sky = SubResource( 4 )
background_sky_orientation = Basis( 0.722762, 0, 0.691097, 0, 1, 0, -0.691097, 0, 0.722762 )
background_color = Color( 0.0352941, 0.0352941, 0.0352941, 1 )
ambient_light_color = Color( 0.458824, 0.317647, 0.317647, 1 )
ambient_light_energy = 0.61
ssao_enabled = true
ssao_intensity = 1.6
ssao_blur = 2
dof_blur_far_distance = 32.26
dof_blur_far_transition = 22.7
dof_blur_far_amount = 0.01
glow_enabled = true
glow_bloom = 0.1
glow_blend_mode = 1
adjustment_enabled = true

[node name="Spatial" type="Spatial"]

[node name="PlayerHull" parent="." instance=ExtResource( 1 )]
transform = Transform( 1, 0, 0, 0, 1, 0, 0, 0, 1, -3.88082, 1.646, 0.373791 )

[node name="StaticBody" type="StaticBody" parent="."]
transform = Transform( 1, 0, 0, 0, 1, 0, 0, 0, 1, 7.52828, 1.16713, -5.5668 )
input_ray_pickable = false

[node name="MeshInstance" type="MeshInstance" parent="StaticBody"]
transform = Transform( 1, 0, 0, 0, 1, 0, 0, 0, 1, -0.0389395, 0, -0.0218964 )
use_in_baked_light = true
mesh = SubResource( 1 )
material/0 = null

[node name="CollisionShape" type="CollisionShape" parent="StaticBody"]
shape = SubResource( 2 )

[node name="MeshInstance2" type="MeshInstance" parent="StaticBody"]
transform = Transform( 1, 0, 0, 0, 1, 0, 0, 0, 1, -0.0389395, 1.96669, -0.0218964 )
use_in_baked_light = true
mesh = SubResource( 3 )
material/0 = null

[node name="MeshInstance2" type="MeshInstance" parent="StaticBody/MeshInstance2"]
transform = Transform( -0.212434, -0.977176, 0, 0.977176, -0.212434, 0, 0, 0, 1, 0.342647, 0.158311, -0.907994 )
use_in_baked_light = true
mesh = SubResource( 3 )
material/0 = null

[node name="MeshInstance2" type="MeshInstance" parent="StaticBody/MeshInstance2/MeshInstance2"]
transform = Transform( -0.267085, -0.952235, -0.148035, 0.725785, -0.0977093, -0.680947, 0.633957, -0.289312, 0.717215, 0.778266, 0.222763, 0.634886 )
use_in_baked_light = true
mesh = SubResource( 3 )
material/0 = null

[node name="WorldEnvironment" type="WorldEnvironment" parent="."]
environment = SubResource( 5 )

[node name="DirectionalLight" type="DirectionalLight" parent="."]
transform = Transform( 0.713837, -0.286159, -0.639178, 0, -0.912706, 0.408617, -0.700311, -0.291686, -0.651524, 0, 27.0407, -58.0183 )
light_color = Color( 1, 0.741176, 0.439216, 1 )
light_energy = 0.2
directional_shadow_mode = 0

[node name="StreetOneSided" parent="." instance=ExtResource( 2 )]
transform = Transform( 0.540344, 0, -2.68901, 0, 1, 0, 2.68901, 0, 0.540344, -7.0756, -1.90735e-06, -14.2413 )

[node name="SpotLight" type="SpotLight" parent="."]
transform = Transform( 0.754125, -0.378083, 0.536981, 0, 0.817658, 0.575705, -0.656731, -0.434153, 0.616616, 18.5967, 15.7806, 12.981 )
light_color = Color( 1, 0.905882, 0.533333, 1 )
shadow_enabled = true
shadow_bias = 0.27
spot_range = 50.0
spot_angle = 37.8322
